21.806
21.684
21.600
17.113
17.187
17.102
33.900
34.397
33.580
29.977
29.750
29.527
33.816
Undetermined
Undetermined
27.820
27.757
27.769
28.947
28.654
28.555
23.805
23.593
23.840
21.330
21.317
20.955
17.048
17.069
16.974
30.112
29.953
30.010
28.968
28.971
29.150
Undetermined
Undetermined
33.900
25.564
25.461
25.381
28.454
28.325
28.216
27.533
27.268
27.149
20.834
20.796
20.631
17.146
16.968
16.985
33.535
34.147
34.120
28.936
28.447
28.706
33.750
32.518
Undetermined
26.380
26.310
26.358
28.613
29.109
28.835
27.911
27.365
27.331
19.938
20.101
19.948
16.535
16.543
16.497
31.916
31.591
31.951
28.801
28.744
28.493
33.752
33.784
Undetermined
28.061
28.639
28.147
29.312
29.696
29.416
26.521
26.642
26.634
20.433
20.416
20.686
16.924
16.935
16.887
29.740
29.816
29.776
29.056
28.897
28.862
34.189
33.732
31.833
25.559
25.484
25.466
28.519
29.234
28.310
26.785
26.685
26.783
22.426
21.826
21.294
21.832
21.353
20.860
21.417
20.917
20.750
20.618
20.148
20.261
20.858
20.620
20.512
